Msites <- matrix(nrow=20,ncol=2)
http://maps.vcgi.vermont.gov/gisdata/vcgi/lidar/0_7M/2013/DEMHF/
Msites <- c(c(0982,0994),
c(1018,1030),
c(1055,1067),
c(1092,1104),
c(1129,1141),
c(1165,1178),
c(1201,1215),
c(1236,1250),
c(1271,1285),
c(1307,1321),
c(1343,1357),
c(1381,1396),
c(1422,1438),
c(1465,1481),
c(1509,1525),
c(1553,1569),
c(1596,1612),
c(1639,1655),
c(1680,1696),
c(1718,1734))